2.187200000000000000e+04 1.098900000000000000e+04 8.261000000000000000e+03 3.019000000000000000e+03 9.398000000000000000e+03 1.017000000000000000e+04 9.639000000000000000e+03
1.098900000000000000e+04 2.187200000000000000e+04 1.068800000000000000e+04 2.821000000000000000e+03 9.146000000000000000e+03 1.007600000000000000e+04 1.023200000000000000e+04
8.261000000000000000e+03 1.068800000000000000e+04 2.187200000000000000e+04 3.034000000000000000e+03 8.016000000000000000e+03 8.209000000000000000e+03 9.157000000000000000e+03
3.019000000000000000e+03 2.821000000000000000e+03 3.034000000000000000e+03 2.187200000000000000e+04 3.749000000000000000e+03 4.458000000000000000e+03 3.724000000000000000e+03
9.398000000000000000e+03 9.146000000000000000e+03 8.016000000000000000e+03 3.749000000000000000e+03 2.187200000000000000e+04 1.044700000000000000e+04 1.168700000000000000e+04
1.017000000000000000e+04 1.007600000000000000e+04 8.209000000000000000e+03 4.458000000000000000e+03 1.044700000000000000e+04 2.187200000000000000e+04 1.090300000000000000e+04
9.639000000000000000e+03 1.023200000000000000e+04 9.157000000000000000e+03 3.724000000000000000e+03 1.168700000000000000e+04 1.090300000000000000e+04 2.187200000000000000e+04
