2.197600000000000000e+04 1.100700000000000000e+04 8.187000000000000000e+03 3.338000000000000000e+03 9.298000000000000000e+03 9.842000000000000000e+03 9.297000000000000000e+03
1.100700000000000000e+04 2.197600000000000000e+04 9.979000000000000000e+03 2.393000000000000000e+03 8.644000000000000000e+03 9.634000000000000000e+03 1.007200000000000000e+04
8.187000000000000000e+03 9.979000000000000000e+03 2.197600000000000000e+04 2.883000000000000000e+03 7.623000000000000000e+03 8.071000000000000000e+03 8.735000000000000000e+03
3.338000000000000000e+03 2.393000000000000000e+03 2.883000000000000000e+03 2.197600000000000000e+04 3.445000000000000000e+03 4.051000000000000000e+03 3.318000000000000000e+03
9.298000000000000000e+03 8.644000000000000000e+03 7.623000000000000000e+03 3.445000000000000000e+03 2.197600000000000000e+04 9.932000000000000000e+03 1.114800000000000000e+04
9.842000000000000000e+03 9.634000000000000000e+03 8.071000000000000000e+03 4.051000000000000000e+03 9.932000000000000000e+03 2.197600000000000000e+04 1.066800000000000000e+04
9.297000000000000000e+03 1.007200000000000000e+04 8.735000000000000000e+03 3.318000000000000000e+03 1.114800000000000000e+04 1.066800000000000000e+04 2.197600000000000000e+04
