3.200000000000000000e+04 1.110300000000000000e+04 1.188000000000000000e+04 3.754000000000000000e+03 1.010100000000000000e+04 1.007500000000000000e+04 1.059100000000000000e+04
1.110300000000000000e+04 3.200000000000000000e+04 1.701700000000000000e+04 5.963000000000000000e+03 1.463000000000000000e+04 1.494700000000000000e+04 1.507900000000000000e+04
1.188000000000000000e+04 1.701700000000000000e+04 3.200000000000000000e+04 3.677000000000000000e+03 1.521900000000000000e+04 1.618300000000000000e+04 1.516500000000000000e+04
3.754000000000000000e+03 5.963000000000000000e+03 3.677000000000000000e+03 3.200000000000000000e+04 4.756000000000000000e+03 4.639000000000000000e+03 5.055000000000000000e+03
1.010100000000000000e+04 1.463000000000000000e+04 1.521900000000000000e+04 4.756000000000000000e+03 3.200000000000000000e+04 1.699600000000000000e+04 1.721100000000000000e+04
1.007500000000000000e+04 1.494700000000000000e+04 1.618300000000000000e+04 4.639000000000000000e+03 1.699600000000000000e+04 3.200000000000000000e+04 1.484100000000000000e+04
1.059100000000000000e+04 1.507900000000000000e+04 1.516500000000000000e+04 5.055000000000000000e+03 1.721100000000000000e+04 1.484100000000000000e+04 3.200000000000000000e+04
